130
95
95
55
80
80
55
60
45
35
120
80
30
90
55
70
100
45
40
60
55
30
65
60
60
90
195
195
90
60
30
60
60
60
165
165
75
80
50
80
50
70
30
50
70
45
45
80
45
90
110
135
445
90
90
90
140
70
90
90
90
90
200
95
95
40
40
40
40
40
40
40
40
40
92
62
96
85
94
58
92
90
62
100
92
95
62
140
50
86
86
80
165
165
100
100
100
94
90
90
90
50
95
100
62
100
62
65
65
65
65
65
65
65
65
65
65
65
65
65
65
65
65
65
65
65
65
140
140
175
60
60
85
85
85
55
90
90
90
62
62
62
40
95
65
70
85
48
58
58
55
50
60
60
50
60
60
40
48
27